1000
953	299	847	318	989	243	946	792	367	898	540	675	637	752	244	949	330	405	509	391
25	5	793	904	270	698	681	880	583	934	378	139	592	909	815	692	497	303	527	344
985	38	423	621	257	543	246	902	174	49	512	260	282	443	918	537	924	107	586	29
66	376	102	291	763	622	484	40	362	186	108	85	807	555	809	604	665	625	27	370
669	693	746	149	762	2	858	459	768	678	767	997	35	818	494	530	877	389	496	42
125	83	208	285	196	207	683	305	498	526	736	562	772	213	323	986	502	617	177	58
732	655	668	928	978	525	62	620	852	135	747	192	377	611	817	616	313	695	183	14
176	690	639	360	720	447	612	133	551	726	485	674	645	1	810	511	769	962	492	182
569	278	65	432	836	741	163	262	503	179	636	407	697	881	728	218	155	556	136	337
357	624	876	844	368	660	663	104	614	761	24	18	327	491	106	225	799	958	103	659
276	738	399	784	803	936	513	729	584	191	783	819	702	55	950	374	787	955	923	19
785	816	521	619	424	60	8	648	863	771	937	341	846	582	626	786	627	129	930	284
737	63	289	952	646	700	209	462	156	23	538	661	853	529	827	236	545	899	380	756
308	531	390	601	45	444	490	267	725	200	128	759	465	961	187	677	593	334	231	829
830	672	350	851	162	316	643	533	445	813	788	867	130	861	311	723	777	395	194	96
385	499	317	79	352	954	714	354	464	823	271	114	404	142	475	252	765	9	247	879
535	581	73	779	640	859	37	253	463	53	15	166	489	473	905	696	332	205	110	574
320	711	384	754	495	335	64	812	146	623	251	52	565	173	401	159	394	470	355	36
406	704	364	938	26	180	115	215	703	995	383	671	717	979	336	457	204	430	552	705
202	7	780	795	190	563	214	188	804	113	321	865	277	144	88	539	694	419	542	606
425	72	801	864	977	273	89	939	534	882	461	428	97	849	993	916	411	460	869	466
798	265	568	479	363	32	30	138	886	122	749	322	673	855	210	167	304	417	86	878
963	929	802	982	43	935	602	325	523	420	80	587	857	216	691	295	515	501	184	472
126	805	778	203	206	346	999	820	261	826	559	638	536	438	843	594	933	340	250	913
153	966	222	478	396	662	822	571	300	971	635	890	230	755	1000	965	41	229	781	649
94	131	506	510	474	590	418	21	991	597	410	255	628	109	16	70	570	51	120	595
235	549	901	348	722	652	333	554	709	221	301	911	227	577	560	298	292	727	835	940
371	421	689	657	980	872	629	974	22	477	870	906	598	941	561	471	634	375	356	170
566	366	507	710	654	71	840	33	845	448	248	667	791	453	469	524	743	381	361	708
302	633	837	766	112	150	599	651	558	393	505	922	753	197	415	241	403	588	607	789
279	839	932	742	319	342	54	256	164	84	345	800	547	158	808	160	409	981	201	119
358	324	121	850	868	124	280	748	642	117	148	730	564	101	579	77	339	416	172	712
67	116	760	4	912	245	47	82	541	860	825	328	776	326	647	217	134	883	10	608
610	907	721	972	397	74	91	548	237	943	347	796	603	76	790	240	78	315	105	56
856	154	44	976	956	650	892	833	919	175	519	994	605	161	365	983	259	871	426	287
296	987	359	269	518	831	314	944	992	272	875	111	968	685	706	193	226	171	468	458
178	446	866	889	382	887	718	821	242	254	716	290	480	750	841	500	338	353	758	147
903	942	34	309	920	797	151	429	707	98	927	286	87	456	951	141	59	152	402	897
687	885	143	281	169	168	454	848	520	482	46	676	118	824	888	969	893	896	544	631
234	449	294	842	249	433	575	481	373	436	157	123	967	75	653	17	516	211	39	514
998	557	312	701	751	427	910	219	682	908	414	297	517	90	6	392	288	48	379	921
199	369	894	11	239	546	127	238	613	757	874	630	413	306	990	615	656	451	422	189
948	832	263	486	412	31	644	488	224	310	185	591	140	476	181	895	724	69	917	293
434	567	266	770	195	553	137	900	228	589	666	467	680	873	493	713	884	734	329	814
578	773	258	988	964	92	232	740	834	731	670	744	532	854	487	223	93	794	641	483
745	349	388	684	528	699	688	387	450	264	398	508	945	775	132	522	576	400	596	81
970	343	984	926	212	600	99	452	283	386	733	774	811	268	440	975	664	764	435	28
20	806	198	679	959	658	782	95	585	68	960	891	455	57	12	50	862	915	573	274
504	957	431	735	914	441	437	372	439	307	632	580	618	408	973	739	719	331	996	572
686	442	715	275	609	351	925	61	220	838	3	828	550	100	931	947	233	165	13	145
